image: /home/louis/ros/src/MOBRO_ROS/maps/D103b.pgm
resolution: 0.050000
origin: [-23.566060, -28.290561, 0.000000]
negate: 0
occupied_thresh: 0.65
free_thresh: 0.196

