image: /home/louis/ros/src/MOBRO_ROS/maps/D103.pgm
resolution: 0.010000
origin: [-9.459512, -8.485450, 0.000000]
negate: 0
occupied_thresh: 0.65
free_thresh: 0.196

