image: /home/louis/ros/src/MOBRO_ROS/maps/imuD103.pgm
resolution: 0.010000
origin: [-9.347229, -9.882043, 0.000000]
negate: 0
occupied_thresh: 0.65
free_thresh: 0.196

